id:1;
name:Impossible;
desc_inf:;
id_desc:1;
desc:{0.027804,0.136522,0.016549,-0.020869,-0.091913,0.140516,-0.004638,-0.019810,0.229519,-0.079112,0.262707,0.010516,-0.199039,-0.109548,-0.017902,0.090765,-0.100801,-0.104797,-0.130410,-0.048950,-0.010691,0.007067,-0.088987,0.038423,-0.185907,-0.315670,-0.026550,-0.092111,0.082821,-0.206364,-0.105367,0.129071,-0.155280,-0.074383,-0.001811,0.037678,-0.139171,-0.059916,0.178297,-0.041602,-0.129647,0.064300,0.033135,0.242410,0.266864,0.008681,0.002339,-0.034577,0.192856,-0.276302,0.009736,0.218912,0.101610,0.140271,0.097492,-0.189025,-0.029969,0.071712,-0.174690,0.031056,-0.030752,-0.055585,-0.044837,-0.045939,0.142123,0.056656,-0.106146,-0.167217,0.129359,-0.168517,0.045628,0.122170,-0.100735,-0.230377,-0.177943,0.125313,0.366841,0.207479,-0.177616,0.071194,-0.067410,-0.102676,0.020479,-0.019328,-0.066893,-0.076295,-0.095505,0.048675,0.201469,0.011827,0.022562,0.219084,-0.018534,-0.020886,0.029474,0.053713,-0.159419,0.039254,-0.090618,0.002809,0.082823,-0.128806,-0.009024,0.087263,-0.145877,0.260072,-0.033917,0.074747,0.016886,-0.064140,-0.140632,0.051419,0.216539,-0.295984,0.210605,0.046170,0.029794,0.129174,0.110055,0.061377,-0.002011,-0.052582,-0.169418,-0.115434,0.051070,-0.097232,0.036463,-0.026232};
end
id:2;
name:Dizel;
desc_inf:;
id_desc:2;
desc:{-0.081352,0.044746,0.057465,-0.041123,-0.082136,-0.060735,-0.003784,-0.085854,0.166877,-0.054677,0.271103,0.006485,-0.244112,-0.089990,0.028158,0.096426,-0.063275,-0.039780,-0.187732,-0.076517,0.000473,0.006515,0.078717,0.016765,-0.145291,-0.278030,-0.052187,-0.110355,0.027836,-0.125268,-0.021829,0.052041,-0.085114,-0.121333,0.043138,0.045862,-0.034923,-0.036579,0.208155,-0.053804,-0.184669,0.054610,0.024759,0.235125,0.258547,0.061882,0.083220,-0.039048,0.138219,-0.255046,0.090703,0.066011,0.141067,0.010042,0.105858,-0.172399,-0.070801,0.224334,-0.203977,0.088026,0.102689,-0.074388,-0.070724,-0.093594,0.230137,0.144327,-0.200323,-0.080576,0.157700,-0.151476,-0.006201,0.070866,-0.160440,-0.160125,-0.229727,0.058147,0.373321,0.141491,-0.167218,-0.048387,-0.109806,0.058103,-0.068688,0.007622,-0.083985,-0.052474,-0.023187,-0.047678,0.163867,0.036693,-0.034891,0.223246,-0.002500,-0.043071,0.000293,-0.011582,-0.117924,-0.080550,-0.064411,-0.009642,-0.014218,-0.182260,0.075729,0.070246,-0.209152,0.224917,-0.091861,0.077587,0.040856,0.039546,-0.011426,0.019115,0.186861,-0.263512,0.213403,0.164240,0.100529,0.133164,0.020069,0.086695,0.003342,0.101784,-0.131285,-0.102677,0.003346,-0.091834,0.148119,0.068402};
end
id:3;
name:Stetchem(c);
desc_inf:;
id_desc:3;
desc:{-0.075797,0.126123,0.026128,-0.048259,-0.137549,0.001270,-0.045895,-0.085577,0.058168,0.056293,0.205831,0.004775,-0.295040,-0.104583,0.066578,0.068289,-0.047458,-0.087363,-0.202883,-0.017344,0.006146,0.014718,0.071882,-0.000516,-0.135865,-0.225329,-0.011610,-0.148640,0.038146,-0.145747,0.025894,0.013532,-0.212063,-0.096617,-0.020287,0.014509,-0.033202,-0.087494,0.287267,-0.080561,-0.218224,0.078895,0.042202,0.207133,0.193605,-0.068807,0.062205,-0.035184,0.162131,-0.284879,0.138776,0.106845,0.164290,0.055528,0.107365,-0.196160,0.032693,0.146502,-0.250242,0.097382,0.084931,-0.000301,-0.063086,-0.129419,0.191833,0.130424,-0.103917,-0.168586,0.065136,-0.134332,-0.023997,0.162165,-0.117552,-0.142799,-0.330341,0.081581,0.272371,0.146182,-0.312127,-0.023911,-0.115627,-0.019731,-0.005178,-0.054866,-0.053379,0.000374,-0.094126,-0.029198,0.225391,-0.043332,-0.021790,0.297589,0.102659,-0.062732,0.046403,0.055255,-0.068908,-0.113698,-0.095061,0.064364,0.051330,-0.198165,0.006684,0.072343,-0.209310,0.159506,-0.026883,0.033188,-0.025802,-0.015163,-0.100366,-0.028861,0.209203,-0.284066,0.255791,0.103336,-0.006314,0.065195,0.067746,0.109886,-0.056297,0.069828,-0.090984,-0.130547,0.091641,-0.013494,0.050528,0.119643};
end
id:4;
name:Rock;
desc_inf:;
id_desc:4;
desc:{-0.129614,0.162264,0.099560,-0.121726,-0.046650,-0.049134,-0.032955,-0.074740,0.184298,-0.034447,0.269812,0.020228,-0.161233,-0.060503,0.071142,0.100523,-0.228556,-0.118662,-0.096449,-0.077370,-0.006617,-0.043059,0.068753,0.056726,-0.122439,-0.318766,-0.070354,-0.120209,0.089859,-0.171243,-0.007795,-0.111118,-0.224793,-0.079902,-0.049365,0.075785,0.003766,-0.123933,0.172798,-0.021514,-0.165283,-0.026059,-0.032265,0.178899,0.194881,-0.031340,0.083389,-0.046489,0.039265,-0.163938,0.049411,0.104898,0.075265,0.054663,-0.015795,-0.158092,-0.017363,0.220247,-0.107378,0.052043,0.106375,-0.070583,-0.034763,0.006466,0.281401,0.165437,-0.151360,-0.143238,0.059190,-0.043514,-0.071283,0.035697,-0.121625,-0.116224,-0.261091,0.049081,0.348994,0.059477,-0.232506,-0.041235,-0.246868,0.076985,0.017725,0.063170,-0.118086,0.059248,-0.125363,0.033978,0.163497,0.061647,-0.056198,0.138090,-0.052564,0.064063,0.012519,0.055507,-0.096907,-0.016056,-0.053613,-0.041245,0.063157,-0.059939,-0.037550,0.137570,-0.225772,0.137565,0.023128,0.010528,0.022029,0.049016,0.014556,-0.040350,0.158327,-0.267338,0.230303,0.270400,0.001655,0.156820,0.083548,0.062796,-0.037338,0.020589,-0.133148,0.009877,-0.007967,0.009760,0.133813,0.034223};
end
